name,stars,text,timeSince,openStatus,key
Hollie Freeman,5.0,I had an amazing experience from start to finish. Walking in the door I was welcomed with a super enthusiastic greeting from a large group of the team members there. Brandy the Assistant GM at this location made my pizza and it was like …More,a month ago,Open,197
Keith Lashley,5.0,I tried the new blazing hot pizza. I added some pineapple to it for a little sweet. Let me tell you I loved it. …More,a day ago,Open,197
findtruth88,4.0,"Ingredients taste fresh, love the roasted garlic! Pizza is cooked fast however quality is good. The staff on the two occasions I came were also very helpful in being I was new to Blaze. …More",a year ago,Open,197
Landon Manwell,5.0,Came here several times before but the manager was what was so impressive. He was a really friendly guy and had amazing customer service. Checked all customers at the tables for anything they needed and  made it an experience to be here. He …More,2 weeks ago,Open,197
arsenal666,5.0,This is the first time I have been here and I can say for just under $9 getting an unlimited custom toppings pizza is great deal. It maybe a little intimidating the first time you go in but the staff is very friendly and helpful.  Their …More,2 years ago,Open,197
Jarou1412,5.0,Tasty oven fired pizza. From classic toppings to free to customize yourself pizza; they got it. Friendly staff is a must mention and cleanliness/social distance per requirements.,a week ago,Open,197
William Beck,1.0,"The food tasted ok but was room temperature. I arrived five minutes before my order ready time and waited 30 minutes after it. Dinner rush is no excuse for serving cold food, even McDonald's is capable of avoiding that. …More",a week ago,Open,197
Teara Parker,5.0,Staff was amazing! Food was delicious. I wish we had had cash to tip! Will catch you next time. Thanks for a great meal.,2 weeks ago,Open,197
Robert Sherrill,5.0,"Our experience recently was just the best. It was my wife's birthday and the staff treated her not like ""just another customer."" They genuinely cared and treated my family like we mattered to them. Brandy, Max, Spencer, Vernisa, and Ben showed excellent customer service! Give this place lots of your business!",a month ago,Open,197
Alex Smith,5.0,The crew tonight was awesome!! Every single one of them greeted us and were so friendly .So happy this location is back open!,2 weeks ago,Open,197
Chicka Montalvan,5.0,One of the few delicious pizZa 🍕 I’ve had that Pesto with Pepperoni and Jalapeños make your own is my favorite they’re friendly and of course clean so yes that 5 star rating is well earned  & Hector has a good customer service personality …More,2 weeks ago,Open,197
Jessica Kelly,2.0,"I'm a repetitive customer for Blaze Pizza in Houston, TX and I'm highly disappointed that this location closed before the posted time that stated 9pm. The doors were locked at 8:45pm. As I was trying to order my husband's food for pick up …More",3 weeks ago,Open,197
Savannah Demers,5.0,"Incredible service! It was a tricky day because of ice and power outages, but the employees made our experience enjoyable and gave us a free pizza pass! 11/10",a week ago,Open,197
Tom Wingate,5.0,Best pizza ..best price... totally custom pizza at Pizza Hut prices.  We loved this. Thanks.,a month ago,Open,197
Briana Alhamdani,5.0,Wow! Just wow!! This is the crém de la crém of pizza fast food style! Soooo delicious! And they have amazing GF options and for someone like me who has a major gluten allergy that’s a HUGE plus! The food was phenomenal even my 3 year old …More,a week ago,Open,197
Brentleigh Elysabeth Rousey,5.0,"The food was so good with so many options! The atmosphere was really family friendly, all the workers were a delight. Brandy, the AGM, was such a nice lady. She constantly came out to check on everyone. …More",a month ago,Open,197
Seemj Jack,5.0,They had fell off for a while.  But today was not the case . I bought two pizzas on the promotion  buy one get one free. It was WORTH  the trip. Soooo  delicious  I tip it was so good! She did an awesome job! So good.,a year ago,Open,197
M VA,5.0,We love eating here. They have a great keto crust pizza. Delicious food and great staff.,a year ago,Open,197
John Bordy,3.0,"Mediocre crust that is thin and flavorless.  The top of the pizza was cooked fine, but the bottom was overcooked. Blackened parts on crust bottom did not taste good. My wife appreciated the keto crust option and thought that was okay. Overall though, I think there are better pizza choices available.",a year ago,Open,197
serena timmons,5.0,Great Fresh ingredients..Awesome customer service,a year ago,Open,197
Sarah Plainandsmall,5.0,"I love Blaze. I appreciate that they allow you to build your own pizza with unlimited quality toppings. No extra charge for ""premium"" toppings. The staff is always friendly and Jason is the bomb dot com at building your pizza:) a quick, affordable, sharable meal.",9 months ago,Open,197
Amanda S,5.0,"Best vegan pizza around!! I always go for the build-your-own and load it down with veggies! My momma kinda went light on hers! Regardless, you can't go wrong! Blaze also got rid of using straws (unless you ask for one). Kudos, Blaze Pizza! ❤️🔥❤️",10 months ago,Open,197
ruke T907,5.0,Best pizza around very clean and the staff are very nice,a month ago,Open,197
Brad Winter,4.0,"Not bad. When it's busy the line moves so slow. But, the customer service is great. I had a great conversation with the guy making my pizza. I love changing up the way I get my pizza every time.",8 months ago,Open,197
Hermorene Douglas-Ezeobele,5.0,"Omg, this was awesome. I had a meat pizza and BLT salad. Both are perfectly made and delicious.",2 years ago,Open,197
Nico Catania,5.0,"Best pizza franchise in Oklahoma! Since I first ate there, I haven't gone to another pizza shop, it's just too good. Even though it's a bit more expensive than, for instance, Little Caesars or Domino's I can say it's completely worth it. I wish there were more Blaze stores around the city.",7 months ago,Open,197
Keno The Mowf Piece Traylor,3.0,It's good pizza but they nd to teach the kids that work there to change there gloves after touch something gloves protect us from gems but if you touch other thing with gloves on your  Cross contamination other then that blaze pizza is good and fresh if the right employers are there,a year ago,Open,197
Stanley Steemer,4.0,"I liked the pizza but, the bottom was a bit burnt. I more of an hand-tossed kinda guy. Mabe I might be a bit bias. Overall the pizza was good.",9 months ago,Open,197
Janeen Stephens,5.0,First but not last time visiting this place. Excellent!!,2 years ago,Open,197
Colter Williams,5.0,They have keto friendly crust! The people there are super kind and make you feel like family. If you are on the keto diet and need some pizza blaze is your place!,5 months ago,Open,197
Kaela Langston,5.0,"This pizza place is so yummy. There are so many pizza places around, but Blaze is our new obsession. Their ingredients are fresh and their portions are great! Visit this place for a pleasant surprise!",11 months ago,Open,197
Rachel Scott,5.0,"This place is AWESOME! It sort of reminds me of Subway’s setup how you go through the line and order your toppings. You can choose as many toppings as you want - it’s all the same price, and their toppings are delicious and fresh. They have …More",2 years ago,Open,197
Sean G.,5.0,"The pizza was fresh, delicious, and cooked to perfection, and the staff were friendly, and attentive. Even compared to much larger chains, that can afford to make their food a lot cheaper, a whole meal was really not that expensive, for …More",a year ago,Open,197
Mark Hill,1.0,Not open still closed due to COVID restrictions,2 months ago,Open,197
Lorain Anderson,5.0,I really love  Blaze Pizza. Build your own is great. Prices are good also. Employees are great and helpful.,9 months ago,Open,197
Tracy McDaniel,3.0,Pizza wa great. But Caesar salad seemed old and soggy. 😒,a year ago,Open,197
Keisha Taylor,5.0,"The pizza was so delicious! The ingredients was nice and fresh. And they have real mozzarella cheese! That fresh mozzarella just makes the pizza! The wood burning oven, just adds that flavor you can't get from pizza hut and places like that! You have to try it!",a year ago,Open,197
Jason Thompson,4.0,Blaze pizza specializes in making individual pizzas.  The food is great and the service was even better.  The place was clean and looked great.  The best part is the price.  The pizzas are under $10 in most cases.  I would recommend this place and would definitely visit again.,a year ago,Open,197
Michelle Maness,5.0,I liked the single pizza. Very helpful and friendly when I placed my ordered.,7 months ago,Open,197
Rob Ellis,3.0,I’ve been to several Blaze Pizza’s all over the US. I’ve never had a bad experience in any of them.... Until now. Usually the service is phenomenal and the food is well above average.. Two people working at dinner time.. 3 dash orders in …More,a year ago,Open,197
Betty J Scott,1.0,"NOT impressed. Paid $4 for ""high rise"" think they just put 2 crusts together!! Crust is tough!",2 years ago,Open,197
Jasmine Bradford,5.0,Taliyah and Austin (Blaze Pizza on Memorial) provided excellent customer service. Friendly and Professional. Great People and Great Pizza. I will definitely be back.,11 months ago,Open,197
Rob,5.0,I always get the build your own. Nice crust and pretty fast service even though it's cooked fresh.,11 months ago,Open,197
Lyn Trosper,5.0,"The food was awesome. They have some wonderful specialty pizzas and fruit infused water, which is available on the all you can drink beverage bar. You can also create your own pizza, at an amazing price, with unlimited toppings. They also …More",a year ago,Open,197
Kelli Miller,5.0,"This is the only pizza I'll eat now! You can't beat the fresh ingredients, low price and quick service. Plus they're open later, and if there ever is a line you don't wait long at all! This is how all fast fresh food places should be.",3 years ago,Open,197
Marci Jenkins,1.0,"Beyond slow service. Pizza was awful. The pizza was VISIBLY burnt, black crust and top and they served it to me as if there wasn’t anything wrong. I’ve never left a bad review but couldn’t help after the experience we had there. I’ll never go back!",10 months ago,Open,197
Rym Moore,5.0,Excellent customer service,a month ago,Open,197
Worst pizza Ever,1.0,Worst pizza I have ever eaten!  Absolutely no flavor! Will not be coming back!,8 months ago,Open,197
Samantha Masquat-Carmack,5.0,"They offer VEGAN cheese and chorizo!! So awesome! Also, you cannot beat the prices and there aren’t up-charges for ordering plant-based menu items. This is my new go-to pizza place. It was awesome!",a year ago,Open,197
sydney price,5.0,The pizza is delicious and fast! the staff has been very friendly every time i've gone.,7 months ago,Open,197
Hope Meek,5.0,Great food great service will definitely be going again!,7 months ago,Open,197
Nick Tarter,5.0,"Super good! Great prices for amazing pizza. Also, great service.",11 months ago,Open,197
aby madewell,5.0,"Wow. This place makes AMAZING personalized pizzas. Alexis helped me with my pizza! She was so sweet, and easy to talk too. And George was awesome, was fun watching him cook my pizza in a MASSIVE oven.",a year ago,Open,197
Lauren,4.0,Pizza was pretty good with a little burn on the bottom but very tasty.  The Strawberry aqua fresca was delish!,3 years ago,Open,197
Jolene Morse,5.0,"I always come in here and everyone is so nice and friendly. I came in here today and the service from everyone was even more exceptional! Everyone is smiling and having a good time, even the employees, and it just makes for a good time! I love this place!",a year ago,Open,197
Christopher Kyle,5.0,"Delicious!
Fair price
Friendly staff …More",9 months ago,Open,197
Stephen Bazarian,5.0,The food is delicious! Anna was my pizza maker. She was so polite and professional in helping me out. She was fast amd courteous. I loved.my pizza she cooked.i highly recommend this place for pizza! Thank you Anna!,a year ago,Open,197
Earnest Clark,4.0,I think the pizza was fantastic I love the prices the meat was very fantastic the cheeses or fine and I would recommend it to all my friends just downright gorgeous,9 months ago,Open,197
christopher doner,5.0,"Favorite pizza spot . It is the closest thing to the pizza I used to eat when I was stationed in Italy. It’s also one of the most affordable pizza places. Fast, always good and cheap can’t ask for more.",a year ago,Open,197
Piper Garrison,5.0,"One of my favorite places to eat in the metro! Build your own personal pizza l,just the way you like it!🍕🍕",a year ago,Open,197
Stephen Burt,5.0,"Best pizza I've had. Staff was super friendly, service was fast (took us 5 minutes to walk there from our hotel and it was done when we got there), and the food was fantastic.",2 years ago,Open,197
Jacob Gilbert,3.0,Not too bad. Could have been a bit crispier. Decent pizza. Probably wouldn't go out of my way to grab a pizza from here. I've got similar quality pizzas from a gas station.,a year ago,Open,197
Shenika Hines,5.0,"Great food, service and if you go between 5:30-6:30 hardly a wait.",9 months ago,Open,197
T O,1.0,Staff is friendly and welcoming. Smells great. Unfortunately very dirty on a slow Sunday afternoon.  I was one of four people in the dining area. Disappointed in the cleanliness so didn't order food.,3 years ago,Open,197
Ian Keeler,5.0,"The Pizza doesn't get you blazed... 😒
But it's still really tasty",9 months ago,Open,197
Hamza Iqbal,5.0,"Fantastic options, quick service, fresh pizzas with great staff!",7 months ago,Open,197
Diana Morrison,5.0,We will definitely go back again! The pizza is awesome! They only have one size and it's kind of more of a personal size but two light eaters could share one which is what we did...,a year ago,Open,197
Christie Matlock,5.0,"Absolutely love the pizza here. Each individually made to what you want right from the beginning, when choosing the crust.  My son lives to watch the fire cook his pizza. And he loves to tell them how to make it as well (he's four years …More",a year ago,Open,197
Katie Mckerlick,5.0,Really nice place with a great atmosphere. Pizza was fairly good but the sause just tasted off. Still very good and I reccomend it. Staff was also very friendly.,a year ago,Open,197
MrMb15,5.0,The pizza is great and the staff was nice,9 months ago,Open,197
Daisha Frieson,5.0,The customer service is amazing here and the manager Carly is great. Even when a mistake is made they go above and beyond to fix it. Definitely recommend coming here . Also the foods really good too,a year ago,Open,197
George Denton,5.0,Fun service and the guy on the oven is a pizza wizard! 🍕,2 years ago,Open,197
Sandra Rosario,5.0,"Awesome pizza, design your own, no other pizza can Blaze",7 months ago,Open,197
Dionne Greer,5.0,The service was great. The pizza was delish! I loved that they had siracha sauce😁,a year ago,Open,197
Annie Brown,5.0,"One of my favorite places to go with family! The pizzas are big enough that two people can split it or you can order a half! They also offer gluten-free crust!  Freshly made, fast, and delicious!",a year ago,Open,197
Andrey,5.0,First time here! The pizza was delicious!,8 months ago,Open,197
James Harris,5.0,"Baby when I tell you that this place gives me LIFE! The best pizza, service and drinks in town! OMG! I dare you to try it just once!😁",a year ago,Open,197
Whitney Huskey,4.0,"The staff are not always very motivated or competent. They had to be told several times (and twice in one week) that I needed gluten free crust (they started building mine on regular crust before I noticed, too). They also gave my sister’s …More",a year ago,Open,197
Janet Long,5.0,Wow pick your own toppings no extra charge for extra toppings. Good selection. Had ricotta and artichoke.😊  Service was excellent.,a year ago,Open,197
Makenzie Buse,1.0,"Usually my food is great every time I come here. Today, I ordered through doordash and it arrived completely wrong. I ordered a white pie with no bacon and arugula but wanted to add pepperoni. My pizza came with only arugula on it??? I even …More",a year ago,Open,197
David Meek,5.0,Fast friendly service and the pizza was amazing!,7 months ago,Open,197
Alysha Tracy,5.0,Thought the pizza was amazing! Love the serving sizes as well. Easy way to fit delicious lower price pizza in on a diet.,a year ago,Open,197
Michael Welliver,5.0,"There are so many things you can put on your pizza, you could never try all the combinations. Plus they serve beer and wine!",2 years ago,Open,197
Abe Haynes,4.0,Quick fresh assembly line pizza fired up nicely.,a year ago,Open,197
skieler hanks,2.0,I ordered from DoorDash. The order was incorrect and the pizza was cold.,8 months ago,Open,197
mehdi el qasry,5.0,These guys are legit.  The staff are very polite and the place is clean and well maintained. Try the veg out pizza with some grilled chicken on top and you'll get addicted to their food.,a year ago,Open,197
Lucia Frohling,5.0,I just wanted to commend the staff at Blaze Pizza. I was recently diagnosed with Celiac and get super nervous about eating out. The people working tonight took extra care and every precaution to make sure my GF pizza was safe to eat. It was also delicious!! Thank you for training your staff so thoroughly!,a year ago,Open,197
TaShawn Ramos,4.0,Pizza is always good. The new stuff needs a little help. Not rude or anything but can't seem to handle a small rush. Or maybe it was just the day I was there.,a year ago,Open,197
Carmelita Brazille,5.0,"Hot, fresh pizza. Create your own or pick one of their delicious specialties.",a year ago,Open,197
Michael Tucker,4.0,Wasn't too bad. My pizza wasn't great but I believe it is due to my own choices and not the staff at Blaze.,a year ago,Open,197
Jonanthan weiree,5.0,The managers are excellent that George and lucas have excellent customer service is very fast and organized they make that store so great I keep coming back,a year ago,Open,197
Kevin Pettit,5.0,Store had only been open for a few weeks when I went but the experience was great. Friendly and energetic staff who didn’t get frustrated when I asked them to explain the menu and ordering process. This pizza is second to none in its class.,a year ago,Open,197
Brandon Harrison,5.0,Some of the best pizza I've eaten and will be back very soon to enjoy more of it.,a year ago,Open,197
Jessica Sauer,5.0,"Our experience here was fantastic!! Quality pizza at a great price. The best part, though, was the EXCEPTIONAL service!!! Kyle, Dakota, and the manager (her name tag said ""the brain"") went way above and beyond to ensure that we had a …More",2 years ago,Open,197
Auron Slayr,5.0,I love the options on this pizza place! Even the dough which ranges from High Rise dough to Keto!,a year ago,Open,197
Mackenzie Jentsch,5.0,"Quick, tasty, and endlessly customizable. I love that you can indulge your guilty pleasure, hello bacon, or create a literal salad on top of your pie. The crust is always crisp without being cracker-y and the service is always welcoming. Don't forget to add a finisher when you pick up your pizza like balsamic glaze or arugula.",2 years ago,Open,197
Josh Cochran,3.0,Great pizza! Staff could care less about you being there. They do their job and make your pizza.,a year ago,Open,197
Jon Blackburn,5.0,"The crust was crisp, but still had a great chewiness that is undeniably refreshing.  The ingredients were fresh and tasty, and the beer selection is also great. (F5 FTW!) Definitely great pizza!",a year ago,Open,197
DeWantae Martin,5.0,First time here.. Will definitely return,11 months ago,Open,197
Stephanie Pohlman,5.0,Staff was friendly and helpful and had a great attitude even though I got there 15 minutes to close. I was even encouraged to stay and eat if I wanted to. I know they still have to clean after they close but something you can't do with …More,2 years ago,Open,197
Dee Miller,5.0,"Great service, great pizza",10 months ago,Open,197
Bolaji Sho,5.0,Quite friendly staff and prompt service,11 months ago,Open,197
chuckling charlie,1.0,"The pizza was okay but the restaurant itself was filthy. They had just opened at 10:30am & we were there at 11:46am & this place had food, napkins & trash all over the place. There will not be a return visit to the OKC location.",10 months ago,Open,197
Mike Eastman,4.0,Great format. Great pizza. Blaze makes individual pizzas and has gluten free and thick crust options. Lots of toppings. It is easy to get too much! Got thick crust but wouldn't order it again as it is just two layers of regular crust. …More,2 years ago,Open,197
Shawn McFadden,3.0,"Good food, great soda (Blue Sky), but the service is just amazing slow. Compared to revolve or any of the other instant pizza joints it's truly shocking how much slower they are.",a year ago,Open,197
Brianna Holliday,3.0,"I didn't get the name of the gentleman that took our order, but he ended up helping out the rest of the crew speed up (besides the guy manning the oven, he was great) because they knew one speed which was slow. We've been to the Blaze in …More",a year ago,Open,197
Douglas,3.0,"Really expected better from a place so close to the airport, toilet clogged, ok it happens, AC was out in the lobby all 4 days we were there, the washing machine broke, the pool was a light greenish color and smelled like they just shocked it to try and get it back to normal. Idk maybe I shouldn't have expected better but I did",a year ago,Open,197
Leana Lee,1.0,"Ok, so they want you to tip while you pay prior to eating your pizza! It was our first & last visit",9 months ago,Open,197
Shirley Herman,5.0,Good vegan cheese.  And a GFV crust option.,11 months ago,Open,197
Kim Lasalata,5.0,Delicious pizza and great staff!,a year ago,Open,197
Rebecca Spindler,5.0,"SO DELICIOUS!!  I love that you can build your own pizza. The crust is cooked perfectly, the ingredients are all fresh, and the staff is wonderful!!",a year ago,Open,197
Alex Coates,3.0,I mean it's like any other pizza place. Even though it's in disney World I've eaten at better pizza places than Blaze.,a year ago,Open,197
Brandon Rolin,1.0,"I tried Blaze for the first time tonight. I wish I could say disappointment was the most negative adjective I could use to describe my first time at Blaze, but disgusting more accurately encapsulates the whole experience. My girlfriend and …More",a year ago,Open,197
brenda caskey,2.0,The staff did not listen to what my daughter wanted on her pizza.   The put mozzarella on before she had a chance to tell them she wanted goat cheese. Our take twos had to wait for the sides.  Staff seemed a bit unorganized.,a year ago,Open,197
kimberly bullett,2.0,"Got my made to order pizza incorrect. I also ordered my food to go, and they gave it to me on the pan and forgot to give me my salad.",a year ago,Open,197
James S,1.0,Very busy an hour lunch break got my food an hour and 20 minutes wasn't happy at all,7 months ago,Open,197
M Thomas,5.0,"Excellent service , pizza & Price. Fresh Product made to order. They have the concept Subway uses to make their sandwiches how they make your pizza right in front of you which I loved.",2 years ago,Open,197
Shannon Lee,5.0,"First time eating at Blaze and Expectations were met.  Great environment, food and the staff were awesome!!  Will be going back",a year ago,Open,197
Glenn Cunningham,5.0,I Love this Place Build your own Pizza Yum!!,a year ago,Open,197
Romona Turner,5.0,I love the fact that you can build your own pizza just the way you like. For a reasonable price.,a year ago,Open,197
Nadia Alba,5.0,Great place. Go there every other week. Awesome staff. And more than that delicious healthy menu.,2 years ago,Open,197
Dustin Demory,2.0,Very disorganized in line. Had 2 pizzas ordered both went into oven at the same time .  One came out perfect then the guy running the oven got distracted. Pulled 2 pizzas that went in after mine before finally getting to mine. More than …More,a year ago,Open,197
William Warner Productions,5.0,One of the best places to get a pizza if you're on a plant-based diet! Their vegan cheese is amazing and the topping options are outstanding. Having options at a restaurant that my whole family can eat at means the world to me. Thanks Blaze!!,2 years ago,Open,197
Christopher Hargrove,5.0,"Finally!! We kept hearing how good this place is.  Wow...so good!  Honestly though, the manager Daniel made the whole experience worth going back!  He was so over the top enthusiastic, kind, and accommodating..explained the menu as if he owned the place...so refreshing!  Thank you sir!",2 years ago,Open,197
Nykita Webb,5.0,The pizza here is as good as you make it because you make it yourself. Its like Subway but with pizza. They have an excellent selection of toppings and crust. The salads are pre-made and delicious. The staff is friendly and welcoming and the atmosphere is very casual.,2 years ago,Open,197
Bianca Jones,5.0,I have the vegan cheese pizza with spinach & pineapples :) it was so good ! Happy they have vegan and vegetarian options !,a year ago,Open,197
Breanna White Heckman,5.0,I love that you can choose all your own toppings for a personal pizza!,a year ago,Open,197
Jimmy Hardesty,5.0,The Keto pizza crust is surprisingly really good!,a year ago,Open,197
Cindy Warmbrodt,4.0,"Best Pizza in the suberbs!  Most delicious topping options, yummy salads and they have Blood Orange soda!  The staff is friendly, but they could do better to work together as a team.  The place is kept way too cold and the women's restroom is not well maintained.  Still delicious pizza though!",2 years ago,Open,197
Kyle B.,3.0,The pizza was pricey and just okay.,10 months ago,Open,197
Shirley Casey,2.0,They are not organized! Too many mistakes. They rush you which causes them to make mistakes and it's rude to rush customers!!!,a year ago,Open,197
Adam Filer,5.0,Fast service and excellent food. The s'mores are very good,a year ago,Open,197
Adam Hendricks,4.0,Pizza always tastes great! They use quality ingredients made to order. The one complaint I have is that they never seem to cook it less or more than usual when I ask for it that way.,2 years ago,Open,197
harley martinez,4.0,Very friendly employees with a casual atmosphere. The pizza was great and the guy making my pizza made helpful (and tasty) suggestions while I was “building” my pizza.,a year ago,Open,197
Cheyenne Davis,4.0,I'm a delivery driver for door Dash and I thought the service could be better. I heard really great things about this place (My brother lives in Albuquerque and when they opened a blaze pizza out there he was there at least twice a week) so …More,a year ago,Open,197
Marshall MacHugh,4.0,Really good pizza. However I did expect faster service.,a year ago,Open,197
Pamela Hernandez,5.0,"Build your own pizza with some of the best toppings ever.  I got a half pizza and it was delicious.   I will be back for more.   The GM , Mo is so nice.",2 years ago,Open,197
J B,4.0,"Pizza is made to order, so it's hot and fresh. Price is pretty good for the amount of pizza you get.",a year ago,Open,197
Teyanna Renee,4.0,I had A Great experience with one specific employee. His name is Cameron . He was very helpful and energetic! He had a big smile on his face and made my experience at blaze wonderful! I think he should get a raise 😂😂😂 . The other …More,3 years ago,Open,197
Robert Hurst,5.0,"Excellent pizza, almost as good as my own. One price no matter how many toppings.",a year ago,Open,197
Stephanie May,3.0,Food is really good but theres one employee on the night shift that was super annoying. She kept yelling HOOOOOOTTTT every time she would take a pizza out of the oven and was being loud and obnoxious. Staff should also keep in mind that the customers can hear everything they say and do even if it's in the back because they are so loud,a year ago,Open,197
David Eggleston,5.0,Staff was very friendly. Pizza was cooked perfectly.,a year ago,Open,197
Monicka Mathis,5.0,Best personal pizza with unlimited toppings all for one flat price,a year ago,Open,197
Drew Kaiser,1.0,Girlfriend ordered a pizza from you on DoorDash. Asked for no arugula and no bacon. Add pepperoni. The pizza we received literally just had arugula on it. Who in the hell would want a pizza with just arugula on it. Tried calling and nobody picks up. Fix this blaze.,a year ago,Open,197
Lloyd Monroe,1.0,Notoriously slow... Staff often has tunnel vision. Too focused on their tasks to pay attention to their customers. Ordering online does not prevent a wait once you make it to the store.,a year ago,Open,197
Jack Andrew,4.0,"Excellent pizza and excellent customer service! Once you finish choosing the toppings of your choice, your pizza is cooked in about 5 minutes!",3 years ago,Open,197
Beth Turner,5.0,Great pizza and fast service,a year ago,Open,197
Jacquelyn Looman,5.0,"My first time there, and it was superb!!! Staff was great and the food was just as awesome!!!",a year ago,Open,197
Molly Roberts,4.0,I had eaten here the first week it opened and am happy to say that they are tasting better (and actually have all their ingredients!) They are kid friendly with high chairs. I recommend grabbing a salad to-go!,2 years ago,Open,197
Roland Welch,5.0,Food was amazing and lemonade was great as well. Fast friendly service. Only took 3 minutes to make my pizza. I'll certainly come back! Awesome place to eat!,3 years ago,Open,197
Randy Knight,4.0,Great pizza and friendly staff. My only complaint is that it's kinda awkward when you walk in and go to order. I'd recommend improving the signage.,2 years ago,Open,197
Mark Matznick,5.0,Blaze is some of the best pizza for the money. Subway for pizza but BETTER.,a year ago,Open,197
Roxanne Fisher,5.0,"Great service, staff was welcoming and the pizza was delicious!",a year ago,Open,197
Jamie Harvey,5.0,Always delicious and quick,a year ago,Open,197
AKU NINJA,5.0,amazing options and delicious pizza,a year ago,Open,197
MISTI J,5.0,Love it!! $7.95 for a build your own pizza. Anything you want. I put everything on mine including spicy sauce and it was awesome. The service is really good too. Everyone was so nice as soon as we walked in. That part is more appreciated than the awesome pizza.,4 years ago,Open,197
Matt Parks,2.0,"I've been to other Blaze Pizza's before and they are delicious, but my experience here was not. The girl who made my pizza had NO IDEA what she was doing. I was shocked that someone allowed her to go out there with such little training. Not …More",3 years ago,Open,197
Jamal Brown,5.0,"This place has quickly become my favorite place to get pizza. Inexpensive and very good. They offer a variety of choices of meats, cheeses and veggies. Can't go wrong with this place. Also, they have a coo staff.",3 years ago,Open,197
Melissa Evans,5.0,Love this place! Best pizza by far! Ingredients fresh & made just the way I want it. Super fast. Lemonade is delicious!  I tell everyone they should try this place!,3 years ago,Open,197
Terry Franklin,5.0,Great fresh pizza and fast! Loved it!!,a year ago,Open,197
Janiece Upshaw,5.0,Delicious pizza and Cookies! You have to try the Cookies,a year ago,Open,197
Sami Latreille,5.0,This place had the best pizza ever!! They are super friendly and we had a laugh with the employees. The food was done within 10 minutes. I will definitely be going back here as much as possible!,2 years ago,Open,197
Patrice,5.0,"This place very is awesome. Kee is the best. She remembered our names when we walked in, it was great.. I have an allergy to gluten and they have gluten free pizza crust. Shame on me but good for them, I have been here 3 days in a row. Lol",2 years ago,Open,197
Lee Smiley,4.0,Great pizza and friendly staff.,a year ago,Open,197
April Cooper,5.0,"Choose your own toppings from a wide selection of fresh ingredients.  Your pizza is prepared while you watch then baked to perfection in the open fire pizza oven.  Delicious!  Plus, the drinks are great as well!",2 years ago,Open,197
Angela Pham,5.0,"10/10 would recommend. Excellent service, they were so friendly. Great food, the ingredients really tasted great. Favorite pizza place.",2 years ago,Open,197
Brad Freshour,4.0,"The best of the ""Subway"" style pizza restaurants and it's not even close.  Resolve and Pie Five come up way short.  The spicy red sauce here is amazing.",2 years ago,Open,197
Crystal Clow,4.0,"I am pleasantly surprised by the pizza here. We have so many little wood fired pizza places in the city I wasn't sure If this one would stand out among the others, but it does. Lots of toppings in which to choose and they all seem fresh. …More",3 years ago,Open,197
Scott Montgomery,4.0,Love the place . Love the pizza and toppings. Only thing I noticed that could be worked on was wiping and cleaning the tables more often. Most had small amounts of crumbles of food or sauce. But it was not horrible. Wish there was more locations through out the okc metro area.,2 years ago,Open,197
Arlen Speakman,5.0,"I know my pizza very well. Some would say I'm a pizza expert.
I'm a tough critic who scores on multiple categories including: crust, toppings, quality of ingredients, how it's prepared, the customer service, etc. …More",4 years ago,Open,197
Neal Glazner,5.0,Best description I though of was subway style pizza bar,a year ago,Open,197
Kendall Coley,3.0,"Sassy lil bell peppers topped with sausage over it , cooked well!",a year ago,Open,197
Dustin Jessepe,5.0,Awesome fire cooked pizza!!,2 years ago,Open,197
Kat Schultz,5.0,Vegan options! Be careful though. Their pesto sauce or drizzle is not vegan. They told me it was but a quick Google search will tell you otherwise.,2 years ago,Open,197
Jennie Dunn,5.0,My husband and I haven't been able to eat at many restaurants without a big fuss due to wanting to stick to a Vegan lifestyle choice and trying to stay Gluten-free as much as possible. I was thrilled to hear that Blaze offered Gluten-free …More,4 years ago,Open,197
Michele Purvey,4.0,Cooked to order pizzas (similar to Subway). Very tasty.,a year ago,Open,197
Coty Karr,5.0,"I would definitely eat again, to bad there isn't a blaze pizza in norman.",a year ago,Open,197
Claire Watson,5.0,"For $7.95 you can build your own pizza with any of the ingredients you want. Quality of ingredients was good, staff were all very courteous and friendly, and service was fast. This is like Revolve but better!",2 years ago,Open,197
caleb mcgaha,1.0,"While waiting a literal hour for my online order I got to watch customers repeatedly explain what their order should cost to the staff, as they seemed to struggle with getting the totals correct. Then the workers couldn't figure out which pizzas were supposed to be mine. Impressive levels of incompetence. Will not be back.",2 years ago,Open,197
Mike B,3.0,It's decent,10 months ago,Open,197
David Auld,5.0,"Just had lunch here. It was going as expected. Good food, polite staff when Jeff one of the employees asked how our meal was going, after a conversation he brought a side of goat cheese for my wife's salad and boxed up our leftovers. Good staff takes dining to a higher level.",3 years ago,Open,197
shixson86,2.0,Good food but slow service. Came in and watched as 4 out of 7 people started at me waiting in line to start my order. Only one other person in line when I get there.,2 years ago,Open,197
Nile Burge,4.0,They dropped my pizza and had to remake it but it was delicious!,a year ago,Open,197
Camesha Billingsley,5.0,Love love this place,7 months ago,Open,197
Leslie Dean,1.0,We were there at approximately 1:15 p.m and we were waiting in line to get service and this guys walks up to this girl and says something to her she blew it off and kept working. He then proceeded to kick the door close on her head and my …More,a year ago,Open,197
Mona Atwood,1.0,"I sent my wife for a large pizza anywhere, she stops here and brings home a pizza the size of a small and it looked looked a 2 dollar pizza. They just need to call the size what it is!!!! …More",2 years ago,Open,197
Tim Zuercher,2.0,I had a pretty poor experience. Waited for like 15 minutes before they even took my order even though I was the first one in line. They were making like 15 online orders and as more came in they were put before me. It was pretty annoying …More,3 years ago,Open,197
Brittany Runnels,5.0,Great 🍕 with all fresh veggies🙌🙌🙌🙌,11 months ago,Open,197
ian costello,5.0,"This place is great. Great food,  food cane out right away, great flavor good price. Highly recommend for all pizza snobs",2 years ago,Open,197
Kimberly Norton,5.0,Our new favorite Pizza...  They variety of toppings to pick from.  The brick oven cooks pizza perfectly in 180 seconds.,2 years ago,Open,197
Kathryn Hall,5.0,It was good customer service,a year ago,Open,197
J. Polliard,4.0,This is kind of the Subway of pizza. Any of the specialty pizzas you could add any toppings to.  We were looking for a place with gluten free and sugar free and thus was the closest without being a cauliflower crust. The staff seemed …More,a year ago,Open,197
Laura Carter,5.0,Always enjoy their build your own pizza!,a year ago,Open,197
E B,4.0,"Ingredients are good, taste depends on who's putting your pizza together.",a year ago,Open,197
Josh A,5.0,"The pizzas are custom, quick, and filling. All the toppings are first rate. The white top is fave. I never would have thought to put fresh arugala on a pizza. Now I can't imagine pizza without the fresh, aromatic flavor.",4 years ago,Open,197
Son Nguyen,5.0,Every pizza I try here is good. It fixes my pizza craving and is surprisingly not too unhealthy like typical pizza.,2 years ago,Open,197
Travis Hatfield,4.0,"Recently stopped by for lunch one day during the week and I'll definitely be going back. For the price and the number of options you get for your pizza its hard to beat. You get to chose your sauce, meats and veggies all for a single price …More",4 years ago,Open,197
William Linaker,5.0,Awesome food I will be going back lol,a year ago,Open,197
Amanda Fietz,5.0,"Great place. They also are great with allergies. My neice has a dairy allergy and they make hers dairy free, use gloves, and new utensils.",2 years ago,Open,197
Anngie Bernal,5.0,Great place to choose exactly what you want on your pizza.,a year ago,Open,197
Melody Ayres,5.0,Delicious pizza great staff,a year ago,Open,197
amy houck,1.0,"Food was overpriced but ""okay"" staff could not seem to work together and argued the entire time untill I walked out on top of that the whole facility was disguising trash left all over tables sauce dried on the parmesan cheese and pepper …More",a year ago,Open,197
Kelly Vu,5.0,I am vegan and they accommodated to me very well! Amazing place. I will definitely be back.,2 years ago,Open,197
Sean Burger,5.0,"The staff was very friendly when it was painfully obvious that it had been my first time in. The lady helping me pick my pizza, the lady who rung me out, and the gentleman who gave me my pizza. All very nice. To top it all off the pizza is …More",4 years ago,Open,197
Mark Williamson,5.0,This place is awesome. Super fast and friendly staff. If you haven't been yet you need to try it.,3 years ago,Open,197
Kim Haskin-Smith,4.0,Very good pizza!,a year ago,Open,197
Ruthann Webster,5.0,"Great pizza! The crew they had working tonight was extremely PROFESSIONAL MIXED WITH FUN.  First visit to this pizzeria and I will definitely be back with friends. One employee took the time to tell me about Blaze and the wonderful menu, I …More",2 years ago,Open,197
Mariah Marion-Flynn,4.0,"Love, love, love how they call customers by their name the whole way through. First time there and a lot of visuals and concepts.  Felt a little rushed to make a selection because I  couldn't find where the options were at first so I did a lot of pointing, but staff was very nice about it.",3 years ago,Open,197
Deborah Gillson,5.0,Great variety of toppings and no limit on the number you can put on the pizza.,2 years ago,Open,197
Drew,5.0,Very good service Amazing Pizza,a year ago,Open,197
Edward Wallace,4.0,The spicy sauce is the star here if you like things with a bit of a kick. A little gentle nudging in terms of what ingredients you want and how much allows you to create a pizza masterpiece. Pizza's are thin-crust and come out fairly quickly even when there's a line.,4 years ago,Open,197
Nate Lauffenburger,4.0,"It's a good spin on carryout pizza.

Blaze uses the Subway assembly-line style. It is never very busy and service has …More",3 years ago,Open,197
Josh Lee,4.0,Really dope male your own pizza and lemonade. The reason I took a star off is because when I was there they where out of alfredo sauce which is what I would have gotten. Otherwise the food and environment was great.,3 years ago,Open,197
Keith Lapsker,4.0,"i notice since coming to Oklahoma that most folks comment on cost and ""it cheap"" even more then the actual food its self. Coming from Brooklyn,  NY.  I can tell you its not even close...i can tell that for what it was, it was very good. The ingredients tasted like a quality product and it was served quickly. I would go back.",4 years ago,Open,197
OKC BLUNTFORWARD,5.0,Good food...able to build your own pizza and it baked in a fire oven...if you like pizza your way this is a good place,2 years ago,Open,197
Reno Varghese,1.0,"I have been to this location probably more than 40 times and come in usually once or twice every week or so. Signed for rewards and have been a loyal customer. The last three time I have been there, it has been a terrible experience in …More",2 years ago,Open,197
Ryan Stotts,5.0,The Subway equivalent for Pizza. Similar prices and the Pizza is put together while one is still in line. Good place when just 1 person wants to eat pizza compared to places that don't have smaller servings.,4 years ago,Open,197
Brooklyn Wheeler,5.0,"Great pizza! There are many options to choose from, including healthy options. My favorite part was getting to have a cheat meal like pizza without the heavy, greasy, nasty feeling after eating take out pizza. Great concept and friendly service too!",4 years ago,Open,197
Michael Clagg,5.0,This was our first time and we were very impressed! the staff was very friendly and the food was delicious!,2 years ago,Open,197
MIKKI CALDWELL-ORAENE,5.0,Nice pizza oasis. Quick and friendly service. Tried the BBQ pizza to have something different and loved it. Love the various aqua frescas available.,3 years ago,Open,197
Lucan Sahal,5.0,Pizza always turns out great. Made to feel welcome as soon as you come in. Friendly and quick food they seem to actually care and hope to see you come back unlike most places you can be in and out these days.,3 years ago,Open,197
wolfen150,4.0,"The pizzas are good, assembly line, you can get a good deal, but shares the problem of many super-hot oven places where the crust tends to burn, especially when the place is busy.",a year ago,Open,197
Laila Russell,4.0,Always fresh!,9 months ago,Open,197
Adriana Squad poffie girls,5.0,Excellent restaurant happy people always greet you with a smile love love love healthy affordable nice place for family and friends just to hang out,2 years ago,Open,197
"Gloria SoLloyd, Ph.D.",4.0,Good experience with their pizzas which offers a large variety of toppings,a year ago,Open,197
Zac Harrison,5.0,"Love some Blaze Pizza! You truly can’t beat the quality and price, plus it’s delicious! Just go already!!",3 years ago,Open,197
Robbie Wood,1.0,The manager on duty on Feb. 10th was terrible!!!!  He had to come out and assist with making pizza.  He should not have come out at all.  His attitude and ability was aweful.  So bad we won't be back!,a year ago,Open,197
Laura Musick,5.0,Absolutly delisous!!!! 100% satisfied. It was my first timethere. It was very clean everyone was very nice and I'm very happy!,2 years ago,Open,197
Lauren Riggs,1.0,"This was my first time eating at this restaurant (and location). I ordered online. I went inside to see the cashier, and when I walked in NONE of the employees greeted me or made eye contact. They was no acknowledgment that a customer even …More",3 years ago,Open,197
EpicZombieSlayer4,5.0,"Great pizza you get to customize to your own taste and friendly, outgoing service.  Place was bright cheerful and clean.  Great experience!",3 years ago,Open,197
Brandon Christy,4.0,One of my favorite pizzas joints.  Fast and always tasty. The blood orange lemonade is great,3 years ago,Open,197
Candyraine,3.0,The pizza is great but hair got in my pizza when we got a free pizza there was more hair. Buy hairnets please.,a year ago,Open,197
Lull Armstrong,5.0,Love Blaze pizza i wish there was more locations though.,a year ago,Open,197
Sandra Lloyd,5.0,Delicious food wonderful options for the menu and great staff!!!,a year ago,Open,197
A.D. Massey,5.0,Good pizza!! It's a nice place to go to dine in.,2 years ago,Open,197
Charles Morris,5.0,"I did a create your own, best tasting pizza i had in Oklahoma.",2 years ago,Open,197
amotherslovinghands,5.0,Great service and Great food.,a year ago,Open,197
kendra jones,5.0,I went to Blaze as a first time customer and I will definitely go back! The staff was very friendly and explained to me the whole concept of how everything works. The pizza is exceptional!,3 years ago,Open,197
Colin Stein,5.0,"I love making a new, different pizza every time I visit! The unlimited amount of toppings let's you really be creative and try new combinations. The staff is fun, friendly, and energetic.",4 years ago,Open,197
Jeremy S. Gamble,4.0,"Really enjoyed their made-to-order pizzas.  It's a lot like Subway, but for pizza.  High quality toppings, and good sauce and dough.",3 years ago,Open,197
Rob Stice,3.0,"The pizza is always good, better when K ( the Asm is there tho). We went Thursday 8-4-16 & the staff was cool but restrooms were  Very Dirty. NEW General Manager should check the restrooms more often.",4 years ago,Open,197
Mike Mikeska,4.0,Food good . Service ok. Will be back,a year ago,Open,197
Morgan Estes,4.0,"Good quality toppings, one of the best gluten free crusts around (fresh, not packaged), and very friendly staff. One of our favorite places to go for Sunday afternoon lunch.",2 years ago,Open,197
David Heilhecker,2.0,Pizza and service was awful. Will not give this place another try.,a year ago,Open,197
Jason Redman,4.0,Love the pizza here! The service has gotten better over time. If you get their app you can earn rewards and get free stuff.,3 years ago,Open,197
Anna Ham,5.0,"The restaurant was clean, the staff was incredibly polite and the pizza was delicious and cooked to perfection. Shout out to Jeremy for double checking to make sure I liked mine with some extra color on the bottom.",3 years ago,Open,197
Mark Salzillo,5.0,Great pizza better than those $27 pizza places,2 years ago,Open,197
Jay Brown,5.0,Excellent food and service,a year ago,Open,197
Jerry Ellis,4.0,"Great concept, fast food pizza! Great options and selection, friendly service. Kind of hard to hear when your name is called, also would be great to offer diet Dr Pepper. We'll be back!",4 years ago,Open,197
Cassidy Claire,2.0,"This location used to be efficient, but the last two times I’ve been in, getting my pizzas took over a half an hour. I also recently ordered online and arrived at the time of pickup, and with NO ONE ELSE in the store, they still had not …More",2 years ago,Open,197
Adam Rubin,4.0,"Really good choice for vegan pizza, and non vegan alike. Sometimes comes out overcooked, but one of the best build your own pizza places in OKC.
Prices are pretty reasonable on top of that",2 years ago,Open,197
Felicia Ford,5.0,So happy they got one in OKC. I love in Dallas and I go everytime I'm in the area. I was visiting my parents and needed to get my 2 year old dinner.,2 years ago,Open,197
The Frost Zone,5.0,walked in was immediately greeted from their order was taken in a timely matter food was made quick taste great and decent pricing. Would recommend to anyone that's on the memorial side of the city,3 years ago,Open,197
KL ARUN,5.0,I really loved this place....they use. Fresh veggies and meat and live fire plus they have a lot of options.....and most importantly it's delicious....,3 years ago,Open,197
Peyton Stark,4.0,Offered diya vegan cheese which is wonderful! The employees did not know if the crust was vegan or not.. other than that they had a huge selection of toppings!,2 years ago,Open,197
Robert F,5.0,"This is a fantastic pizza shop full of good qualities. We had the BBQ chicken pizza and kale, quinoa, cranberry salad, and it was all delicious and surprisingly affordable. Fresh ingredients with great menu and drink options in a nice layout. Easily one of my favorite pizza stops in OKC.",3 years ago,Open,197
Nicole Latreille,1.0,The employees gave my husband and myself a lot of grief over the pizza we wanted. Then they messed it up and we've never been back. It's a shame too because the first visit of 3 it was great and the service was great the next two times terrible.,4 years ago,Open,197
Adam Johnson,5.0,This place is legit! Great pizza and Blue Sky soda on tap... What#$#!! Highly recommend!,2 years ago,Open,197
Scott Law,3.0,Always slow to non existent service in this place,a year ago,Open,197
Rob Brothers,5.0,Always well worth the trip great pizza and awesome staff.,2 years ago,Open,197
Katie Hightower,5.0,"Super helpful staff, I mixed up my order when placing online and they were incredible about getting it fixed for me.",a year ago,Open,197
Roy Wood,5.0,"Good quality, quick, clean,, very good Gluten free crust",2 years ago,Open,197
Damien Samuel,5.0,Fresh oven fired pizza with a ton of options. Staff is very friendly. Great place to grab a bite.,3 years ago,Open,197
Mackenzie Michelsen,5.0,"My husband and I had just moved to OKC when blaze pizza opened in this location. We came by opening day and have loved it ever since!
The way blaze works is by providing a fresh, totally personalized pizza at what …More",3 years ago,Open,197
Danielle Wilkinson,5.0,Always helpful and energetic staff. Great food. And the AC works beautifully,3 years ago,Open,197
loran rolf,5.0,It was our first time here and we are 100% impressed!! we were helped by Candace and terrell (sorry if spelt wrong) they were super friendly explained the menu well and gave us some suggestions for adding stuff. their blood orange lemonade is delicious!! we will definatly be back!!,2 years ago,Open,197
Catrina Williams,5.0,Always Friendly Always Fast Great Pizza!!,a year ago,Open,197
Kimberly Parisse,5.0,It is the healthiest place I know to get pizza and you get to choose what you want to put on the pizza with no additional charge the only thing is wrong right is that they do not have cauliflower dough if they had that this will be the best …More,2 years ago,Open,197
Justin Thompson,5.0,They have the best pizza in the city and love to go there it is a fun and relaxing place to be I recommend it to everyone I know hope to see you all there and Raeko is super helpful explained the menu very well and made my pizza just the way i like it,2 years ago,Open,197
Benjamin Malone,3.0,"Not bad for a chain. They get super bogged down when more than a few people come through the door. It seemed as though the order taking process was flawed, and could be optimised",4 years ago,Open,197
samy miller,4.0,We always stop by after going to the AMC theaters. Great concept,2 years ago,Open,197
Michelle Huck,2.0,Sooooooo yummy! Make it the way you like it!!! Fast too!!,2 years ago,Open,197
Dustin Gwin,5.0,Friendly staff! They made me and my son feel welcome. Food was good and out fast.,3 years ago,Open,197
Jamie Martin,5.0,Love picking out all of my toppings and the thin  crust!,2 years ago,Open,197
Emmie King,5.0,So cheep here. Pizza is amazing and cooks super fast. Great for lunch breaks and I would recommend this place for sure.,4 years ago,Open,197
James Thomas,5.0,Very good pizza love eating there.,2 years ago,Open,197
Skye Smith,5.0,Love their pizza! Just wish they had bigger cups for fountain drinks.,2 years ago,Open,197
Robert Bell,3.0,Kinda methy. The methsquitos were out!,a year ago,Open,197
chrissy kane,1.0,"The pizza was cooked quickly HOWEVER, Blaze pizza has no standards. There's sausage floating in the Ovalini Mozzarella balls (which is cross contamination and a religious issue for (people who cant eat pork). I watched the workers touch …More",3 years ago,Open,197
Roger B.,5.0,Super cool atmosphere. Food was good. Lots of variety.,2 years ago,Open,197
Lynval Robbins,4.0,Good thin crust.,a year ago,Open,197
allyssa evergreen,5.0,"(July 22, 2016)I am astonished by the low reviews for this wonderful place!

Not only does Blaze serve some wonderful pizzas, they have amazing, friendly …More",4 years ago,Open,197
Paulette Ngu,5.0,Yummy every time,a year ago,Open,197
Karen Farris,5.0,"I went in today, never being there before. I was greeted by Dior Smiley and had the best customer service I have had in along time and the pizza was GREAT",3 years ago,Open,197
Mr Jody,5.0,There are so many options for a great price. And their white sauce is heaven.,3 years ago,Open,197
Sarah Redding,5.0,They always give us coupons and they are the best place to get pizza IN THE WORLD,2 years ago,Open,197
Justin Boyd,5.0,Very good. Excellent for lunch.,2 years ago,Open,197
Tom Arnold,5.0,Reasonably priced.  Spicy marinara saucy is a nice change from other places,3 years ago,Open,197
Louis Godino,5.0,Best pizza place ever!! Great service,2 years ago,Open,197
Jason Lee,5.0,Love this place. Great food and service. Affordable prices. Clean and brightly lit.,3 years ago,Open,197
Josh F,5.0,Delicious pizza and some vegan friendly options!!! Staff are always extremely nice and welcoming!,3 years ago,Open,197
Shirley VanDyke,5.0,Great service great pizza!,2 years ago,Open,197
DK Nelson,2.0,"3 of us got 3 different pizzas. We all got food poisoning. Called the manager to let him know, and he didn't know enough about the POS system to offer us any compensation.",4 years ago,Open,197
Justin H,5.0,I love this place! Best pizza!,2 years ago,Open,197
Nykita Webb,5.0,Fresh ingredients and friendly helpful staff! Build your own pizza with all the toppings you want for one low price EXCELLENT!!!,3 years ago,Open,197
Sa'Mora Johnson,5.0,Love the pizza here. Been hooked since I tried it,2 years ago,Open,197
Holly,5.0,I love the vegan cheese! And apparently it's soy-free!? 😍,2 years ago,Open,197
julie dirks,5.0,Love this place  the people make it even better.. awesome way to make pizza,3 years ago,Open,197
Rocky Litle,4.0,Pizza was good and I enjoyed the fact that I could pick my ingredients without worrying about any additional cost.,4 years ago,Open,197
Allie Toolate,5.0,Awesome pizza made the way you want it so many choices!,3 years ago,Open,197
Natalie Sherrill,5.0,"Blaze Pizza is the yummiest, freshest pizza around!",a year ago,Open,197
K Lashley,4.0,Design your own pizza or select from favorites. Pretty fast service and very filling.,3 years ago,Open,197
R Lake,4.0,"It is like a stone baked thin crust pizza that you can choose your own toppings, and it is fast.",4 years ago,Open,197
Mr. Motivid,5.0,"Very fast, customer service on point, great food! Jeremy helped me and family and is always providing the best customer service",4 years ago,Open,197
Justin Finley,5.0,Yum is all.one must say about this place,a year ago,Open,197
Keith Scott,4.0,Great almost everytime. Had one pizza burnt but they quickly remade it. I approve!!,3 years ago,Open,197
Heather Roberts,5.0,Price is so affordable. So many options and fresh!,3 years ago,Open,197
Oklahoma Underground,5.0,It's one of the best pizzas I have had there a little stingy on the toppings at times but other than that the pizza is very very good,3 years ago,Open,197
Jonathan Yarbor,5.0,Amazing price for the value provided. Any toppings for one price and it's fire cooked. Revolve Pizza should be shaking in their boots!,4 years ago,Open,197
Jacob Wallace,3.0,"The pizza isn't bad, lots of toppings choices, dough has a good flavor.

The reason why I didn't review higher is... The guy who I assume was the manager …More",3 years ago,Open,197
Marshall Drennan,5.0,"Super good pizza, I come here way more than I should, but I just can't help myself.",3 years ago,Open,197
D Rose,4.0,"Good ingredients, crust is a 4, fast service",2 years ago,Open,197
Garrett Booth,4.0,It's subway for pizza!,a year ago,Open,197
Richard Bennett,5.0,"Couldn't be happier with this place. Excellent food, reasonably priced, and fast. I'm coming back",4 years ago,Open,197
Mike Wissinger,5.0,That was far tastier than fast food pizza had any business being.,4 years ago,Open,197
joseph jordan,5.0,"Great pizza, good music, and awesome staff. Will definitely come back",4 years ago,Open,197
Dr X,2.0,"The BEST pizza deal in town, build your own, with all the toppings you can choose.  Not a nickle, quarter, n dollars for each topping like other pizza places. Love it! …More",3 years ago,Open,197
Eric Schneider,5.0,"Big personal pizzas that are made quick...real quick and oh so yummy. Give it a try, you'll like it.",3 years ago,Open,197
Kari ann Douglas,4.0,Love this place fresh food and you can pick out what u want on pizza,3 years ago,Open,197
Sundeep Millary,5.0,Nice casual eating place. They have gluten free pizza.,3 years ago,Open,197
Seth Marrs,5.0,"Excellent atmosphere and service, the pizza has multiple options and tastes great!",3 years ago,Open,197
Thomas Rossiter,5.0,"We have been here several times and love it.  Crusts are great including one of, if not THE, best gluten free Crusts in OKC.  Love how each member of our group can select his or her own toppings.",4 years ago,Open,197
Jeff Johnston,5.0,Ya can't beat making your own pizza and for a great price.,3 years ago,Open,197
Veronica Barrow,5.0,"Good Pizza the atmosphere is nice clean restrooms Love this place
Get Blazed!",3 years ago,Open,197
curtis schade,4.0,The weekend crew was green. The pizza was good. It's like a subway or Moes of the pizza world.,3 years ago,Open,197
Melissa Evans,5.0,I LOVE this place! The pizza is wonderful and everyone can have their's just the way they want it!,4 years ago,Open,197
neil gentry,5.0,"High quality pizza, great price, fast and friendly service.",3 years ago,Open,197
Michael Guyton,5.0,"Awesome! Fast service, nice people, clean environment, and great tasting pizza. I definitely recommend and would come again.",4 years ago,Open,197
Ashton didn't die,4.0,"Fast service, nice people, had better frozen pizza",3 years ago,Open,197
Edward Ream,5.0,Some of the best pizza in OKC. Great topping selection and some of the most reasonable pricing you can find.,2 years ago,Open,197
Hollie Freeman,4.0,Blaze's Pizza they only have small personal size pizzas so it's not good to go there for groups if you want a large pizza for like a group or a party I wouldn't suggest going here. But if it's just you or another family member then I would suggest going here.,3 years ago,Open,197
Kim Cooksey,2.0,Go9d food but slow and out of alot of ingredients,2 years ago,Open,197
Wayne Mackey,1.0,"I could not give zero or minus one.
At WBush airport they refuse the airline voucher but because the pizza was already inside the oven she charged me 2 dollars extra because I paid with voucher. Also did not give the the receipt to wait for the pizza.
Bad business",3 years ago,Open,197
Graham Easterly,5.0,"Nice environment, friendly, fast and delicious. Of all the Subway style instant pizza places, this is my favorite so far.",2 years ago,Open,197
Deidra Reed,5.0,Great place to work and dine in,a year ago,Open,197
Mrs R,5.0,"This is my favorite pizza place ever. Great prices, good options, and excellent service.",3 years ago,Open,197
John Scurtu,4.0,"Pizza was not bad, good for its price",2 years ago,Open,197
Nick Wilson,5.0,Great pizza with unlimited toppings,2 years ago,Open,197
Steven Truitt,4.0,Different spin on pizza 🍕.,a year ago,Open,197
Caleb Reece,5.0,"Great pizza, cool atmosphere.",2 years ago,Open,197
Daniel Rowe,5.0,Super attention to customers. Will be here a long time,2 years ago,Open,197
David Brown,4.0,Grew was friendly and helpful,2 years ago,Open,197
Jamison Shaffer,4.0,Build your own pizza at a great price!,3 years ago,Open,197
Tay A,4.0,Good pizza and service,2 years ago,Open,197
Terry Farson,5.0,"great food, fast friendly service didn't have to wait but maybe 6 mins for 4 pizzas that was from time of ordering till walking out door.",3 years ago,Open,197
Dartal Edmonds,5.0,Build Your Own!!,a year ago,Open,197
Calin Zearley,5.0,Best pizza ever!,a year ago,Open,197
Eric Huff,5.0,"Awesome hand made to order pizza 🍕
The employees are super friendly too.",4 years ago,Open,197
CHUCK Plaudis,5.0,Always good food...real busy but the staff were always professional.,3 years ago,Open,197
Sara Kazmi,3.0,"Good pizza, good prices",2 years ago,Open,197
Karessa Loreto,4.0,Pizza is amazing but online ordering is always a delay.,3 years ago,Open,197
Sandi Smart,5.0,Best non-vegan and vegan pizza in OKC,2 years ago,Open,197
Summer Rice,4.0,"I never think ""Oh my gosh this is the best pizza ever"" here, but it's good and it's nice to be able to put whatever you want on a large personal pizza for such a good price. It's essentially the Subway of pizzas.",4 years ago,Open,197
Lenora Love,5.0,Great pizza friendly people,2 years ago,Open,197
A. G.,5.0,Delicious build your own pizza for a $8.50. And the staff is very friendly,3 years ago,Open,197
Red Yoshi,5.0,Amazing crew. Delicious pizza.,2 years ago,Open,197
Ryenn Best,5.0,"Great pizza, great service, great prices!!! Absolutely loved it!",4 years ago,Open,197
Allen Friesen,5.0,Great pizza place get to build your own,3 years ago,Open,197
Steve Chitsey,4.0,Good price and good pizza.,3 years ago,Open,197
Michael Green,5.0,One of our favorite places to get pizza,a year ago,Open,197
Alassane Tapsoba,5.0,I like it very good place I always get the build your own all employees very polite and friendly this lady left my pizza burn and she made me another one with still a smile on her face,4 years ago,Open,197
Joshua Opatowsky,5.0,"If you want a pizza just the way you like or like to experiment with new toppings, this is the place to do it!",2 years ago,Open,197
Betty Hoelk,5.0,Great pizza,a year ago,Open,197
Larry Hays,5.0,"Great pizza, kinda pricy without coupon",4 years ago,Open,197
Jory Nance,5.0,Loved it!,11 months ago,Open,197
Eric Brown,3.0,Very friendly staff. Pizza made very timely.,2 years ago,Open,197
Carrie Favre,5.0,"Great service, pizza just like you want it!!!",4 years ago,Open,197
Ed Gray,1.0,"Poor service
Wrong orders
Rude employees …More",2 years ago,Open,197
Oklahoman,5.0,"Great price, great food....did I mention great price and food??!!",5 years ago,Open,197
AJ Jackson,5.0,Good pizza,a year ago,Open,197
lakicha graham,5.0,The BEST pizza I've had in 37years. BLAZE you rock!,3 years ago,Open,197
Bobby Reed,3.0,The pizza was pretty good. The service was non existent.,3 years ago,Open,197
Ron Cartmill,4.0,Great food that's fast,2 years ago,Open,197
Carrie McKenzie,5.0,DELICIOUS. And they serve beer.,3 years ago,Open,197
Laura Wall,5.0,Best pizza I have ever had. Friendly staff.,3 years ago,Open,197
Lincoln Ngaboyisonga,5.0,Great place for all pizza lovers.,3 years ago,Open,197
Fubar,5.0,"My favorite place to eat,  i get to pile on every topping i want all for cheap",a year ago,Open,197
Ken Ndekezi,5.0,I love creating my own pizza,3 years ago,Open,197
Steven Steinberger,5.0,"The Blaze makes your pizza your way, fantastic food!",4 years ago,Open,197
Shirley Yokley Price,5.0,The best!,a year ago,Open,197
Lisa Henderson,1.0,Employees didn't seem to happy to be there.  Pizza crust was burnt we really didn't enjoy the pizza at all. We ate the toppings and discarded the very burnt crust.,3 years ago,Open,197
Janae Webb,4.0,The good is amazing!!,a year ago,Open,197
Gary Ball,5.0,Unbelievable Pizza first discovered it in Florida found that we had it here at home is became a favorite treat,3 years ago,Open,197
Christi Chandler,4.0,Excellent for the cost!,a year ago,Open,197
Jolene Nauman,1.0,Definitely  not the best pizza I've ever had. Won't be back,2 years ago,Open,197
Thomas Thompson,4.0,Not at good as usual,2 years ago,Open,197
Susan Thompson,5.0,Reallllly good pizza....,2 years ago,Open,197
Jenny Hudson,5.0,Delicious pizza with a smile,a year ago,Open,197
Nikki Birdsall,5.0,AMAZING,a year ago,Open,197
Suzanne Smith,5.0,Great takeout.,2 years ago,Open,197
Jason Collins,4.0,Fantastic pizza!,2 years ago,Open,197
Levi Pitts,5.0,Nice people,2 years ago,Open,197
Chyrl Davis,5.0,The pizza was great,2 years ago,Open,197
Choisungjo,5.0,It's mmm mmm good,4 years ago,Open,197
nime aguru,5.0,good food,2 years ago,Open,197
Diane Honeycutt,5.0,It was delicious!!!,a year ago,Open,197
patrick stapleton,5.0,Blaze Pizza,9 months ago,Open,197
Scott Paxton,4.0,"Great pizza, fast and fresh.",2 years ago,Open,197
Bradley Pence,4.0,Very good and inexpensive.,2 years ago,Open,197
Ash Chinda,5.0,Always tasty!,2 years ago,Open,197
Betsy Chronister,5.0,Great pizza,2 years ago,Open,197
Loosha Thicknail,5.0,Yummy,a year ago,Open,197
Dominique Wilson,5.0,Great service,2 years ago,Open,197
S Herring,5.0,Delicious!,a year ago,Open,197
postsimianproduct,5.0,Great selection of ingredients.,2 years ago,Open,197
Chris Weathers,5.0,It's build your own pizza! What's not to love!,4 years ago,Open,197
Christina Winkleman,4.0,Nice,a year ago,Open,197
Rodrick Belton,4.0,Great pizza,2 years ago,Open,197
Scott Baker,5.0,Amazing as always!!,2 years ago,Open,197
vortex xr,1.0,Stupid,a year ago,Open,197
Nick Mack,5.0,Best pizza ever,a year ago,Open,197
Margaret Walton,5.0,They are the best,a year ago,Open,197
Esther Ashaka-Akinsiku,5.0,Yum!,9 months ago,Open,197
patricia matthews,5.0,Definitely a go back!,2 years ago,Open,197
FL Kingston,5.0,Loved it,a year ago,Open,197
Monica Muse,5.0,Loved it,a year ago,Open,197
Timara Negahnquet,5.0,Love it,a year ago,Open,197
Michel Osborne,5.0,Great,a year ago,Open,197
Devils IDevour,5.0,🔥😍,a year ago,Open,197
Shawna Murphy,5.0,We loved it!!!!,a year ago,Open,197
Nena Matz,5.0,Pizza and beer,a year ago,Open,197
Patty Sanders,5.0,Excellent,a year ago,Open,197
Robert Love,4.0,Great Pizza,2 years ago,Open,197
kaynicole545,5.0,Great pizza!,2 years ago,Open,197
Sam Lucas,5.0,GREAT SERVICE,2 years ago,Open,197
Scott Ricks,5.0,Fabulous,2 years ago,Open,197
Ryan Humble,2.0,"Good toppings options, but it is pretty bland unimpressive pizza.",3 years ago,Open,197
Michael Liming,5.0,Great pizza,2 years ago,Open,197
Caroline Nyalala,5.0,Love the pizza.,2 years ago,Open,197
Cory Cannon,5.0,Very fast and tasty,2 years ago,Open,197
J Win,5.0,gud pizza,2 years ago,Open,197
Rashele Shoun,4.0,Cute spot!,3 years ago,Open,197
Twila Long,5.0,Love it!,2 years ago,Open,197
mandy ross,5.0,Great pizza,3 years ago,Open,197
Alexander Obrien,5.0,Kind and funny staff,3 years ago,Open,197
Nanette Ruddick,5.0,Loved the pizza!!!!!,3 years ago,Open,197
Andrew Sargent,5.0,Amazing food,3 years ago,Open,197
Amir taha,4.0,My kids Love it,2 years ago,Open,197
Sherri Wolfe,5.0,Yum best pizza,3 years ago,Open,197
Rebecca Cost,5.0,Great pizza,2 years ago,Open,197
C D,5.0,Delicious,3 years ago,Open,197
Stetson Bradshaw,5.0,Cool,2 years ago,Open,197
King BamBu,5.0,Soooo good,2 years ago,Open,197
Savannah Jones,3.0,Not bad,3 years ago,Open,197
Anitra Haag,5.0,Amazing pizza.,3 years ago,Open,197
Garrett Swank,1.0,Sucks like an airplane toilet,3 years ago,Open,197
4Mariah09,5.0,"Had it for the first time, and it was amazing!",3 years ago,Open,197
Brandon Robertiello,3.0,"Burnt crust on all of our pizza, too much crust dust",4 years ago,Open,197
Josh Parker,4.0,Good experience. Good pizza.,4 years ago,Open,197
Jose Gonzalez-Delgado,3.0,It is okay,3 years ago,Open,197
Gregory B,3.0,Pizza was just ok,4 years ago,Open,197
J Chandler - All Rights Reserved,5.0,Vegan cheese and friendly staff,4 years ago,Open,197
Dakota Nipp,5.0,Free pizza is best pizza,5 years ago,Open,197
Dan Weatherman,5.0,"(Translated by Google) Awesome For!

(Original)
Awesome Za!",2 years ago,Open,197
Luis Carrero Mendez,5.0,"(Translated by Google) Excellent .. X all

(Original)
Excelentes.. X todo",3 years ago,Open,197
Ashley Kelley,5.0,,11 months ago,Open,197
Wayne Vogler,4.0,,a year ago,Open,197
Michael Housdon,5.0,,8 months ago,Open,197
c c,3.0,,2 years ago,Open,197
curtis calvin,5.0,,2 years ago,Open,197
Katie Brown,5.0,,a year ago,Open,197
Dustin Morgan,5.0,,4 years ago,Open,197
mehul kad,5.0,,a year ago,Open,197
Ashley Diaz,5.0,,2 years ago,Open,197
Meghana Rao,5.0,,a year ago,Open,197
Chama Triplett,5.0,,10 months ago,Open,197
Vivek Nair,4.0,,2 years ago,Open,197
Ashley Fielding,5.0,,3 years ago,Open,197
Ryan Byrd,4.0,,3 years ago,Open,197
De'Asha Rollins,5.0,,2 years ago,Open,197
Joseph Naugles,4.0,,a year ago,Open,197
Chris Challis,4.0,,a year ago,Open,197
Quincy Gibson,5.0,,3 years ago,Open,197
Daniel Narvaiz,5.0,,2 years ago,Open,197
Ben Stire,4.0,,3 years ago,Open,197
Derek Oswald,4.0,,3 years ago,Open,197
Rashelle Briggs,5.0,,8 months ago,Open,197
Terry Raymond,4.0,,2 years ago,Open,197
Kristi Ball,5.0,,2 years ago,Open,197
Luvme Lewis,5.0,,2 weeks ago,Open,197
Bob Hanna,3.0,,a year ago,Open,197
Lisa Spencer,4.0,,a year ago,Open,197
Nathan Babcock,5.0,,a year ago,Open,197
David Jones,4.0,,2 years ago,Open,197
Gary White,4.0,,2 years ago,Open,197
Dwyan Tyner,5.0,,a year ago,Open,197
piyush wattamwar,5.0,,8 months ago,Open,197
brandy R.,5.0,,a year ago,Open,197
Casey Boyle,5.0,,9 months ago,Open,197
Daniel Wheeler,4.0,,a year ago,Open,197
Becca Erin,5.0,,3 years ago,Open,197
cerberus thor,4.0,,10 months ago,Open,197
Emily Freshour,5.0,,2 years ago,Open,197
Janine Emig,3.0,,2 years ago,Open,197
assault clip,3.0,,a year ago,Open,197
Eric Baker,4.0,,2 years ago,Open,197
Yossi Ben-yehoshua,5.0,,2 weeks ago,Open,197
Thomas Wayne,5.0,,a year ago,Open,197
Meadow Valley,5.0,,a year ago,Open,197
zorin79,3.0,,a year ago,Open,197
Ana Rivera,5.0,,a year ago,Open,197
Justin Thompson,5.0,,2 years ago,Open,197
Jarrod Mizell,5.0,,2 years ago,Open,197
Sheila Ludwick,5.0,,a year ago,Open,197
Nicole Fortune,3.0,,a year ago,Open,197
Kara Austin,5.0,,8 months ago,Open,197
Peyton Sheppard,5.0,,2 years ago,Open,197
Nic Price,5.0,,2 years ago,Open,197
Tyler Garnett,5.0,,2 years ago,Open,197
Sydney Rost,5.0,,2 years ago,Open,197
Justin Goodwin,5.0,,2 years ago,Open,197
maram grada,5.0,,4 years ago,Open,197
darek muhlbauer,5.0,,a year ago,Open,197
Richard Newkirk,4.0,,a year ago,Open,197
Shanti Norwood,5.0,,a year ago,Open,197
Logan Huskins,5.0,,2 years ago,Open,197
Unique Price,5.0,,2 years ago,Open,197
Queen Esther,4.0,,a year ago,Open,197
Tim Fick,4.0,,2 years ago,Open,197
Kodiak Schuh,4.0,,2 years ago,Open,197
Charley,5.0,,3 years ago,Open,197
Jose Paredes,5.0,,2 years ago,Open,197
Nathan Bremmer,4.0,,a year ago,Open,197
Jeff gorzen,4.0,,a year ago,Open,197
Anthony Williams,2.0,,a year ago,Open,197
Memorina Thoses,5.0,,a year ago,Open,197
Joseph Heinen,5.0,,2 years ago,Open,197
Ben Decker,4.0,,2 years ago,Open,197
Gone Girl,4.0,,3 years ago,Open,197
Elisa Kraemer,4.0,,3 years ago,Open,197
"William Cay, Jr",3.0,,a year ago,Open,197
Shenese Billingsley,5.0,,11 months ago,Open,197
Jessica Goodblanket-Meadows,5.0,,9 months ago,Open,197
lisa Daniels,4.0,,2 years ago,Open,197
Brent Medley,4.0,,3 years ago,Open,197
Rick Haynes,4.0,,a year ago,Open,197
LaDONNA WHITE,5.0,,a year ago,Open,197
Grace Otto,5.0,,a year ago,Open,197
Micheal Leonard,5.0,,a year ago,Open,197
Kent Wallace,5.0,,a year ago,Open,197
Lacey Bynum,5.0,,a year ago,Open,197
Matt Austin,5.0,,4 years ago,Open,197
Jin Park,5.0,,3 years ago,Open,197
Matt Keller,5.0,,4 years ago,Open,197
Cheyenne Christensen,5.0,,2 years ago,Open,197
David Kelly,5.0,,2 years ago,Open,197
derekwpatton,5.0,,2 years ago,Open,197
K W,3.0,,2 years ago,Open,197
Megan Smith,5.0,,2 years ago,Open,197
Mohamed Koblawi,4.0,,3 years ago,Open,197
Jennifer Duncan,5.0,,a year ago,Open,197
David Hendrickson,5.0,,3 years ago,Open,197
Andrew Nguyen,5.0,,a year ago,Open,197
Robert Russell,5.0,,3 years ago,Open,197
Nicu Choriskardia,3.0,,a year ago,Open,197
Lawrence Kincheloe,4.0,,a year ago,Open,197
Derek Van Duyne,5.0,,a year ago,Open,197
Grimilda Mannings,5.0,,2 years ago,Open,197
Nikki B,5.0,,a year ago,Open,197
John Kenney,3.0,,a year ago,Open,197
chris flores,5.0,,a year ago,Open,197
Bailey Carter,4.0,,a year ago,Open,197
Seth Ogburn,5.0,,2 years ago,Open,197
Stephen Maw,3.0,,4 years ago,Open,197
Samuel Morstain,5.0,,3 weeks ago,Open,197
Robinson G,4.0,,2 years ago,Open,197
Brooke Troxell,5.0,,a year ago,Open,197
Jerry Nell,5.0,,a year ago,Open,197
Jeremiah Nelson,4.0,,2 years ago,Open,197
Giana Maxwell,5.0,,2 years ago,Open,197
Brandon Carcamo,5.0,,2 years ago,Open,197
Maxton Barker,1.0,,10 months ago,Open,197
John Lee,5.0,,2 years ago,Open,197
Iconic Shock,4.0,,2 years ago,Open,197
Kurai Madz,5.0,,a year ago,Open,197
Chris Cobden,4.0,,2 years ago,Open,197
Will Smith,3.0,,a year ago,Open,197
Amanda B,5.0,,a year ago,Open,197
Doug Hatch,3.0,,2 years ago,Open,197
Jason Frederick,4.0,,a year ago,Open,197
Mike Snowdon,4.0,,a year ago,Open,197
Jeff M,4.0,,3 years ago,Open,197
Paul and Theresa Cottrell,5.0,,2 years ago,Open,197
Isabella Guzman,5.0,,2 years ago,Open,197
robert bates,5.0,,2 years ago,Open,197
Kyle Brantley,5.0,,2 years ago,Open,197
Jeff Mildren,5.0,,a year ago,Open,197
Patrick Stephens,5.0,,a year ago,Open,197
TJ K,5.0,,2 years ago,Open,197
Kason Olney,5.0,,2 years ago,Open,197
Rachel Schmoyer,5.0,,10 months ago,Open,197
Kimaya Williams,4.0,,a year ago,Open,197
Toni Vallario,5.0,,2 years ago,Open,197
Sara Foster,5.0,,4 years ago,Open,197
Sarah Espinosa,5.0,,2 years ago,Open,197
Leon Boomershine,5.0,,a year ago,Open,197
LaToya W,5.0,,3 years ago,Open,197
Drew Whitton,5.0,,4 years ago,Open,197
Carlos Gomez,5.0,,8 months ago,Open,197
Debra Jo Clark,4.0,,a year ago,Open,197
Teneania Mathis,5.0,,3 years ago,Open,197
Michael Hayes,5.0,,2 years ago,Open,197
Leah Conner,5.0,,2 years ago,Open,197
Mckenzie Faas,4.0,,2 years ago,Open,197
Brent VanHooser,5.0,,a year ago,Open,197
Gabriel Bernal,5.0,,2 years ago,Open,197
DJ Gilmore,5.0,,8 months ago,Open,197
Reuben Seymour,4.0,,2 years ago,Open,197
cordelia webb - banks,5.0,,a year ago,Open,197
Chris Talty,4.0,,4 years ago,Open,197
Daysha Reyes,5.0,,a year ago,Open,197
Jonathon Bryant,4.0,,8 months ago,Open,197
Kory Schnoebelen,5.0,,a year ago,Open,197
Gina Holtz,1.0,,a year ago,Open,197
David Jones,5.0,,a year ago,Open,197
Steve Thomas,5.0,,a year ago,Open,197
Daniel Houk,5.0,,8 months ago,Open,197
Brian,2.0,,2 years ago,Open,197
ForeverMrs Craig,5.0,,3 years ago,Open,197
Ananya Adhikari,4.0,,2 years ago,Open,197
Scott Martin,5.0,,a year ago,Open,197
Jasmine Brown,5.0,,a year ago,Open,197
Kale McCoy,5.0,,10 months ago,Open,197
David Rider,4.0,,2 years ago,Open,197
Genna Cooper,5.0,,3 years ago,Open,197
Rumaldo Carranza,5.0,,2 years ago,Open,197
Diana Lane,5.0,,a year ago,Open,197
David Young,4.0,,2 years ago,Open,197
Jeremiah Cook,5.0,,a year ago,Open,197
Greg Lacy,4.0,,a year ago,Open,197
ISgaming 1400,3.0,,a year ago,Open,197
Wobotron,5.0,,3 years ago,Open,197
Wolfie Mueller,5.0,,11 months ago,Open,197
Jodie L,5.0,,a year ago,Open,197
Henry Schaller,5.0,,4 years ago,Open,197
Sherry Kidd,5.0,,a year ago,Open,197
Daryle Settles,3.0,,2 years ago,Open,197
Adeola Adegbaju,5.0,,2 years ago,Open,197
Michael Gonzales,5.0,,9 months ago,Open,197
Ann Lichti,3.0,,2 years ago,Open,197
Chris,5.0,,2 years ago,Open,197
Anna Martinez,5.0,,3 years ago,Open,197
Amber Freeman,5.0,,8 months ago,Open,197
David Hanson,4.0,,3 years ago,Open,197
Amy Rodriguez,5.0,,3 years ago,Open,197
THOMAS GRAY,4.0,,3 years ago,Open,197
Carly Kincaid,5.0,,a year ago,Open,197
Danny Selfridge,5.0,,8 months ago,Open,197
B Lee,5.0,,11 months ago,Open,197
David Clyne,5.0,,10 months ago,Open,197
Renzo 405,5.0,,2 years ago,Open,197
Aaron Head,5.0,,3 years ago,Open,197
Pattee Taylor,1.0,,a year ago,Open,197
Boaz Mathew,3.0,,a year ago,Open,197
Enoch Nath,4.0,,10 months ago,Open,197
Jeremy Land,5.0,,3 years ago,Open,197
Carol Elamin,5.0,,a year ago,Open,197
Felix Serquen,5.0,,4 years ago,Open,197
Randall Spriggs,4.0,,2 years ago,Open,197
Jay Masters,5.0,,a year ago,Open,197
Aron Johnson,4.0,,a year ago,Open,197
Lilraygodumb,5.0,,a year ago,Open,197
Justin Sanchez,5.0,,3 years ago,Open,197
Chuck Coleman,4.0,,3 years ago,Open,197
Thomas Falk,4.0,,a year ago,Open,197
Samuel Cretsinger,5.0,,2 years ago,Open,197
Jodi Schneider,3.0,,a year ago,Open,197
Jay Nichs,4.0,,a year ago,Open,197
Pamela kf Fair,5.0,,a year ago,Open,197
Tricia Norton,4.0,,2 years ago,Open,197
Cee Bee,5.0,,4 years ago,Open,197
Melissa Gilbert,5.0,,a year ago,Open,197
Michelle Phillippe,5.0,,3 years ago,Open,197
Chris Hamilton,4.0,,a year ago,Open,197
Olivia Davis,5.0,,2 years ago,Open,197
Christina Leal,5.0,,a year ago,Open,197
Angie M.,3.0,,a year ago,Open,197
Natalie Riley,3.0,,2 years ago,Open,197
Hima Varna,4.0,,2 years ago,Open,197
Carol Gichuki,5.0,,2 years ago,Open,197
Samantha Cisneros,4.0,,2 years ago,Open,197
Lea Walker,5.0,,3 years ago,Open,197
G Harris,4.0,,2 years ago,Open,197
Sarah Davis,4.0,,a year ago,Open,197
Ben Jones,5.0,,2 years ago,Open,197
Jason Cox,5.0,,9 months ago,Open,197
Wendy Welcher,5.0,,2 years ago,Open,197
Gus Wolf,5.0,,a year ago,Open,197
Curtis Bell,4.0,,a year ago,Open,197
Maureen Moore,5.0,,2 years ago,Open,197
Amanda Beasley,5.0,,3 years ago,Open,197
Joshua Roberts,1.0,,a year ago,Open,197
Jonathan Wilken,5.0,,3 years ago,Open,197
Mark Donat,4.0,,a year ago,Open,197
Mar Sin,5.0,,a year ago,Open,197
Bolaji Shom,5.0,,10 months ago,Open,197
Mike S,5.0,,10 months ago,Open,197
Chris Hurt,4.0,,2 years ago,Open,197
Annaliza Hernandez,5.0,,a year ago,Open,197
William A.,4.0,,a year ago,Open,197
Armando Diaz,5.0,,2 years ago,Open,197
Brandon Cooper,5.0,,a year ago,Open,197
Daniel Stewart,5.0,,10 months ago,Open,197
Thomas W,5.0,,2 years ago,Open,197
randy lollis jr,5.0,,a year ago,Open,197
Allan Trowsdale,5.0,,2 years ago,Open,197
Alex Alford,5.0,,3 years ago,Open,197
Najaf,5.0,,a year ago,Open,197
Hussain Ali,5.0,,2 weeks ago,Open,197
Ashton Lyle,4.0,,2 years ago,Open,197
dominick johnson,4.0,,3 years ago,Open,197
Jimmy Soto,5.0,,2 years ago,Open,197
Marcos G,4.0,,a year ago-,Open,197
britni phillips,5.0,,2 years ago,Open,197
